h = [1.27211055]
-1.930319770393024
-1.7941743257767389
-1.6630062445082316
-1.5368155265875492
-1.4156021720146512
-1.299366180789568
-1.188107552912267
-1.0818262883827747
-0.9805223872010715
-0.8841958493671723
-0.7928466748810648
-0.7064748637427641
-0.625080415952255
-0.5486633315095599
-0.4772236104146501
-0.41076125266754143
-0.3492762582682324
-0.29276862721672176
-0.24123835951300968
-0.1946854551570993
-0.15310991414898478
-0.11651173648867043
-0.0848909221761571
-0.05824747120924511
-0.036581384542542776
-0.019892438837266452
-0.008202967203155734
-0.0008916448611234205
0.0008447421050685743
0.009937432070910503
0.009974516540667522
0.02523413678643379
0.02524539335290435
0.04461279305162742
0.04461869601640976
0.06751085206341105
0.06751456942074913
0.0936013048838884
0.09360388374275735
0.12266441466818372
0.12266631852727937
0.15454021950744148
0.15454168775275143
0.18910624281321078
0.18910741231948236
0.22626539814196042
0.22626635316333377
0.26593875586597204
0.26593955126873114
0.3080609041771982
0.3080615773135959
0.35257681240987293
0.35257738964067364
0.3994396204165373
0.3994401209072482
0.44860902773167044
0.44860946576941785
0.5000500871570875
0.5000504736218342
0.5537322803047293
0.5537326236355194
0.6096287953411108
0.6096291021893296
0.6677159532811042
0.6677162289634166
0.7279727457181233
0.7279729945375144
0.7903804576880832
0.7903806831659203
0.8549223566242906
0.8549225616710111
0.9215834333534602
0.9215836203961081
0.9903501845906126
0.9903503556694843
1.0612104289020177
1.0612105857448335
1.1341531499342155
1.1341532940136845
1.2091683620600768
1.2091684946391117
1.2862469946076684
1.2862471167752114
1.3653807916090124
1.3653809043086234
1.4465622245986283
1.4465623286516314
1.5297844164531387
1.529784512577329
1.6150410746248738
1.6150411634498685
1.7023264324097036
1.7023265144896018
1.7916351971186337
1.79163527294246
1.882962504207547
1.8829625742079672
1.9763038765697172
1.9763039411303336
2.0716551883186396
2.071655247780151
2.169012632489416
2.169012687154806
2.2683726921710674
2.2683727423099485
2.3697321146512267
2.36973216050369
2.4730878882138088
2.473087929993483
2.578437221278197
2.5784372591750966
2.685777523611183
2.6857775577939873
2.795106389377048
2.7951064199951374
2.9064215818216415
2.906421609006797
3.019721019412065
3.019721043279977
3.135002763275125
3.135002783926633
3.2522650057972844
3.252265023319475
3.3715060602645335
3.3715060747316508
3.4927243514354562
3.492724362909676
3.61591840695275
3.6159184154848294
3.7410868495090632
3.741086855138864
3.868228389692955
3.868228392449856
3.9973418193515218
3.9973418194482924
4.128426003147114
4.128426006088246
4.261479881024986
4.261479886810971
4.396502455028818
4.396502463669866
4.533492787439955
4.533492798956038
4.672449996534312
4.672450010955276
4.81337325267949
4.813373270045246
4.956261774741867
4.956261795102693
5.101114826775719
5.101114850192608
5.247931714969936
5.247931741515072
5.396711784829551
5.396711814586914
5.547454418572095
5.547454451638135
5.700159032720429
5.700159069204842
5.854825075875305
5.85482511590204
6.011452026652606
6.011452070360942
6.170039391772071
6.170039439317868
6.330586704284483
6.330586755841733
6.4930935219261485
6.4930935776885415
6.657559425591141
6.6575594857741045
6.8239840179107025
6.823984082753633
6.992366921932516
6.992366991701327
7.162707779891095
7.162707854881199
7.335006252062821
7.3350063326027115
7.5092620156990035
7.509262102153987
7.685474764030414
7.6854748568074145
7.863644205338766
7.863644304891641
8.043770062089633
8.043770168925567
8.225852070122324
8.225852184808854
8.409889977892036
8.409890101065686
8.595883545761767
8.595883678137177
8.783832545339797
8.783832687718869
8.97373675886081
8.973736912138047
9.165595978612847
9.165596143764759
9.359410006417919
9.359410184439621
9.555178653200528
9.555178844882333
9.752901738744463
9.752901943967267
9.952579091928715
9.952579307570518
10.154210552264948
10.154210766115217
10.357795975005473
10.357796148483441
10.563335245957253
10.563335265794317
10.770827868069894
10.770828322206265
10.98027352903348
10.98027534042242
11.191671347165
11.191676896496197
11.405019186765319
11.4050347451182
11.62031181255242
11.620353486584051
11.837536451700066
11.837644456093281
12.056662674652555
12.05693419896652
12.27762040484465
12.27828162743359
12.500255232450426
12.501809442938013
12.724246506165622
12.72775406721013
12.948988242608566
12.956529587978812
13.17353189367282
13.18878349474716
13.397015293896553
13.425407589320034
13.6202571432408
13.667482954485605
13.847424925747534
13.916189198101716
14.084145329323189
14.172751911081805
14.333813168262681
14.438495580759998
14.597508413879153
14.715045178459926
14.876123294263795
15.004761392389705
15.1721521740891
15.311738092783397
15.492683362241285
15.643838676290379
15.875366876505332
