-1.024288753963387
-0.9203113373516141
-0.8324213512879807
-0.7626275055392765
-0.7112059500980672
-0.6746691154160598
-0.647181606387007
-0.6201936345974096
-0.5880182474556434
-0.5506430618407915
-0.5090391175640657
-0.46429242322641606
-0.419575646755337
-0.39781182974408397
-0.37053019217073757
-0.35170891699119944
-0.3227652648268075
-0.30071567311225844
-0.27256699157622594
-0.2458516350686271
-0.21861736570144333
-0.18836603894467846
-0.16139050054721818
-0.1289298305925832
-0.10246715579188743
-0.06799926086869261
-0.04533537945447607
-0.005371467537812522
0.00630386305700482
0.060363499121481964
0.0619347448884575
0.12908249413696016
0.13102949031627995
0.2047127057127481
0.20748918739029693
0.2868128114761976
0.2898241399787203
0.37471631642814524
0.37784329840329484
0.46808993039452707
0.47141567639907017
0.5667514791025929
0.5704294237535529
0.6708595301499839
0.6745207312272566
0.7805320218426376
0.7833996740913004
0.8938309901404317
0.8989589175766456
1.0102229371701479
1.0213312902841358
1.1315823058237606
1.1478255201906395
1.2595599606225394
1.278775678968877
1.3889335621663967
1.4245731321815176
1.5233854000280314
1.5902401958292047
1.6808632518077748
1.7550763530619728
1.8847514747062097
2.0030519858836002
2.260970828201565
